1.5

0.72322387 0.3510425 0.5512073 0.383166 0.9998311 0.0010 0.73297393 0.2810518 0.527928 0.64125645 0.7147522 0.7338049 0.4586081 0.3034166 0.55198073 0.0010650629 0.001114318 0.0010 0.37185746 0.0011149211 0.0010 0.0010 0.0010 0.33917132 0.6325133 0.6312218 0.3098833 0.6033819 0.321182 0.5386866 0.64332515 0.264735 
0.27732518 0.36629063 0.7140142 0.6517987 0.99995244 0.0010 0.33295718 0.27070028 0.5466347 0.4024066 0.6470109 0.49435776 0.43719885 0.4914629 0.5604445 0.0010542073 0.0011220665 0.0010 0.67283076 0.0011192748 0.0010 0.0010 0.0010 0.6384251 0.6499816 0.49693286 0.46102482 0.48427892 0.6441857 0.48908144 0.42937398 0.67073315 
0.47923836 0.63402766 0.31890747 0.5688023 0.9999542 0.0010 0.61528885 0.6111784 0.67860055 0.34375435 0.7356097 0.2898754 0.6958087 0.62209356 0.44301376 0.001051686 0.0011201686 0.0010 0.64225 0.0011195722 0.0010 0.0010 0.0010 0.2723164 0.5678767 0.6056073 0.7139753 0.2880737 0.45725295 0.62712 0.35545754 0.5108392 
0.41660947 0.6778952 0.67996216 0.7290597 0.9999518 0.0010 0.53081536 0.3789844 0.57191324 0.2707535 0.70948267 0.5583336 0.45553806 0.57520705 0.3551888 0.0010661489 0.001122639 0.0010 0.5853223 0.0011194741 0.0010 0.0010 0.0010 0.33581474 0.4255818 0.7206924 0.4928589 0.69021416 0.5177574 0.60251766 0.5633883 0.55550843 
0.27541414 0.65970826 0.3828211 0.48936743 0.9999509 0.0010 0.50542325 0.6114527 0.27945676 0.54696417 0.48331136 0.60899794 0.2629008 0.4475428 0.41256425 0.0010659797 0.0011206763 0.0010 0.66851 0.0011171909 0.0010 0.0010 0.0010 0.3727727 0.67717975 0.34069467 0.5142393 0.6679951 0.6785578 0.5279712 0.6461138 0.74628186 
0.36094746 0.732022 0.4949077 0.3258098 0.9999603 0.0010 0.4230212 0.5609974 0.3102653 0.728854 0.40399098 0.2617907 0.5581464 0.32683325 0.70302385 0.0010628541 0.0011145175 0.0010 0.6974634 0.0011028192 0.0010 0.0010 0.0010 0.68671757 0.30728155 0.39329275 0.5983934 0.70075357 0.5167154 0.3161681 0.7212559 0.2898869 
0.7432427 0.51574975 0.40991226 0.32012993 0.99994946 0.0010 0.7303894 0.567724 0.30698448 0.32333162 0.62278754 0.6126876 0.36846367 0.6903308 0.42481044 0.0010672953 0.0011174305 0.0010 0.51944906 0.0011101849 0.0010 0.0010 0.0010 0.28090286 0.5660156 0.5588157 0.60245854 0.6007577 0.586628 0.6402178 0.6316205 0.3746721 
0.5279617 0.70075303 0.31077176 0.26972616 0.99997056 0.0010 0.6699772 0.56148803 0.34601313 0.66914403 0.5925972 0.42846772 0.6214874 0.4307094 0.6459705 0.001048836 0.0011139797 0.0010 0.5506549 0.0011145698 0.0010 0.0010 0.0010 0.41766268 0.33755487 0.71470463 0.47945595 0.46593478 0.3016074 0.5226844 0.2697415 0.51871777 
0.7482933 0.27543843 0.26074332 0.42147171 0.9999521 0.0010 0.63339126 0.6866455 0.3641825 0.44979268 0.6877104 0.65825284 0.5908633 0.5013416 0.69517446 0.0010542462 0.0011155175 0.0010 0.43036872 0.0011156555 0.0010 0.0010 0.0010 0.31082428 0.62419164 0.5065742 0.46218842 0.25873977 0.43568695 0.543558 0.5263135 0.53689677 
0.38912448 0.3751285 0.41863886 0.33290875 0.9999519 0.0010 0.6439455 0.5533644 0.7095319 0.32196754 0.45224124 0.5785329 0.46050245 0.6934504 0.6714108 0.0010592429 0.0011158438 0.0010 0.29753274 0.0011178277 0.0010 0.0010 0.0010 0.43530995 0.6642462 0.5429273 0.37301344 0.50924456 0.25595257 0.67902255 0.36822557 0.6351154 
0.52781016 0.2630307 0.37977612 0.35554197 0.99995524 0.0010 0.46249163 0.6117166 0.3194757 0.67631084 0.4698366 0.55644983 0.5173039 0.53413594 0.5820566 0.0010536895 0.0011117031 0.0010 0.6936728 0.0011111224 0.0010 0.0010 0.0010 0.46720755 0.6678956 0.7176053 0.556991 0.6452703 0.27415264 0.2628629 0.5342814 0.6303293 
0.60799724 0.42926064 0.63981503 0.7456227 0.9999553 0.0010 0.3176338 0.6536548 0.51804096 0.52171016 0.3622062 0.44262406 0.46874407 0.3092776 0.604822 0.0010537831 0.0011211772 0.0010 0.59270227 0.0011146228 0.0010 0.0010 0.0010 0.34570765 0.6821599 0.6551248 0.44240654 0.4446956 0.627685 0.57022727 0.36314973 0.29434556 
0.33276087 0.32017744 0.6871229 0.40035638 0.9999501 0.0010 0.2623846 0.4379297 0.447069 0.4906617 0.40920573 0.58614033 0.3837744 0.7128106 0.4755699 0.0010675397 0.0011157041 0.0010 0.5506017 0.0011092052 0.0010 0.0010 0.0010 0.4608484 0.57968 0.28099093 0.7226691 0.61334693 0.58458966 0.53347677 0.7401536 0.32229447 
0.6834198 0.68789846 0.71615994 0.7136432 0.9999495 0.0010 0.65451396 0.43970105 0.61355335 0.47485182 0.29646638 0.47706634 0.26027605 0.6228781 0.49951118 0.0010648813 0.0011237075 0.0010 0.48547268 0.0011162304 0.0010 0.0010 0.0010 0.46781817 0.6718805 0.5166113 0.6680841 0.49099848 0.6706581 0.5746869 0.675439 0.4284999 
0.56824577 0.5707076 0.46927327 0.56637156 0.99995446 0.0010 0.2645927 0.7273427 0.5685668 0.38280067 0.48587784 0.5108329 0.7160701 0.49735785 0.68927425 0.0010570565 0.0011207061 0.0010 0.5794671 0.0011171398 0.0010 0.0010 0.0010 0.7233135 0.44897905 0.60306436 0.55750114 0.37765303 0.42623827 0.5691529 0.50038254 0.56478375 
0.5883658 0.39165756 0.70028025 0.4317639 0.99995357 0.0010 0.50252205 0.46323395 0.7064809 0.5227225 0.7134167 0.38089237 0.30869186 0.39976418 0.5273498 0.0010612359 0.0011165945 0.0010 0.30759138 0.0011143418 0.0010 0.0010 0.0010 0.3506609 0.44188973 0.54415995 0.73833734 0.48812953 0.28361896 0.4311731 0.69350535 0.26513815 
0.4355845 0.68709046 0.26788554 0.6122148 0.9999572 0.0010 0.27877697 0.52676433 0.69296414 0.61179584 0.6102611 0.5933378 0.47220114 0.64752483 0.35191098 0.0010449765 0.001121847 0.0010 0.58838576 0.0011189183 0.0010 0.0010 0.0010 0.4244748 0.7125369 0.6778824 0.31197494 0.5311678 0.5724705 0.32533762 0.33182013 0.61306304 
0.41089734 0.4603507 0.34675503 0.5998465 0.9999517 0.0010 0.48080933 0.2679988 0.51510954 0.4089158 0.44859198 0.6099319 0.5890828 0.58713275 0.37000775 0.0010609175 0.0011180702 0.0010 0.5649783 0.0011121454 0.0010 0.0010 0.0010 0.28740588 0.46796584 0.3733861 0.4395345 0.41233408 0.6501542 0.5030403 0.6617834 0.3398125 
0.570206 0.65519977 0.271943 0.5596597 0.99996483 0.0010 0.58239895 0.38029054 0.65753853 0.472102 0.5137349 0.6123595 0.67944944 0.4911729 0.29513717 0.0010420135 0.0011219692 0.0010 0.5050143 0.0011142278 0.0010 0.0010 0.0010 0.48519114 0.29693866 0.34947604 0.28002262 0.5622994 0.6542663 0.265045 0.30407232 0.5387148 
0.4947821 0.26197886 0.5013877 0.4405698 0.99995446 0.0010 0.37293747 0.40332618 0.40543652 0.5435956 0.6013711 0.39453548 0.71856123 0.5832244 0.60818785 0.0010589933 0.0011146908 0.0010 0.32996038 0.0011160029 0.0010 0.0010 0.0010 0.33202165 0.535229 0.62254876 0.545855 0.3919565 0.38325936 0.54516983 0.5725989 0.5137747 
0.6846467 0.54018784 0.7080029 0.7092478 0.99996483 0.0010 0.31295967 0.3469192 0.2683478 0.556954 0.638387 0.3776064 0.5788482 0.68713707 0.44676 0.0010563475 0.001121866 0.0010 0.26728362 0.0011206996 0.0010 0.0010 0.0010 0.5959125 0.2555586 0.57721806 0.6897545 0.36898753 0.29971233 0.625203 0.42968723 0.74575955 
0.58084613 0.37545988 0.49444127 0.7119306 0.9999527 0.0010 0.51617414 0.44180197 0.5328759 0.2709224 0.4297936 0.2525524 0.5961838 0.50068337 0.61436015 0.0010629244 0.001121618 0.0010 0.6285059 0.001113929 0.0010 0.0010 0.0010 0.31482378 0.3780797 0.66050136 0.7120239 0.72282773 0.66073334 0.4688264 0.5563213 0.489027 
0.7080894 0.25239873 0.7319762 0.65700686 0.999957 0.0010 0.3557785 0.51570326 0.43980166 0.52625066 0.529347 0.7444079 0.26312235 0.49358523 0.7204711 0.001060335 0.0011189007 0.0010 0.7131329 0.0011187366 0.0010 0.0010 0.0010 0.73074585 0.41257522 0.7042472 0.5951939 0.27434793 0.27348873 0.68312913 0.55495423 0.4878493 
0.44711632 0.3586455 0.52891254 0.7259661 0.99996984 0.0010 0.6932006 0.49335033 0.48306173 0.6318174 0.7377241 0.5065574 0.54346275 0.4329161 0.44149655 0.0010501957 0.001116067 0.0010 0.3349587 0.0011191864 0.0010 0.0010 0.0010 0.35761082 0.3202355 0.37051114 0.36304617 0.3855801 0.370762 0.6069943 0.27269304 0.3234664 
0.42729086 0.3121714 0.31782737 0.30894527 0.9999494 0.0010 0.73719716 0.52183026 0.33808583 0.37085885 0.7234321 0.63230264 0.3177025 0.53087765 0.40708107 0.0010663016 0.0011117422 0.0010 0.47424445 0.0011101556 0.0010 0.0010 0.0010 0.66359395 0.502452 0.7207837 0.26451123 0.5426986 0.6193459 0.520226 0.7500583 0.3812821 
0.54859924 0.5119752 0.57216364 0.3622192 0.99996614 0.0010 0.52232665 0.72132355 0.41144547 0.633478 0.2691273 0.30035743 0.4458695 0.71945155 0.71380484 0.0010508335 0.0011205361 0.0010 0.5582729 0.0011097705 0.0010 0.0010 0.0010 0.38979325 0.41611937 0.41558927 0.58294135 0.55754673 0.74777794 0.48124477 0.29988512 0.44645953 
0.62606066 0.616693 0.64777905 0.39616114 0.99995947 0.0010 0.5153031 0.56122047 0.51858526 0.67797714 0.64187545 0.537172 0.4627211 0.54942644 0.5627536 0.001054635 0.001118614 0.0010 0.36227763 0.0011129623 0.0010 0.0010 0.0010 0.48327625 0.3104227 0.530471 0.57125854 0.3962535 0.30106196 0.28842044 0.7003878 0.42259198 
0.6594188 0.6454891 0.746246 0.5829089 0.9999537 0.0010 0.34723535 0.35912156 0.6841794 0.51152974 0.59372073 0.6116656 0.39280897 0.7127998 0.51946336 0.0010631289 0.0011238105 0.0010 0.536747 0.0011207227 0.0010 0.0010 0.0010 0.66349256 0.5914594 0.50586563 0.50897753 0.6325248 0.5180634 0.5655421 0.52693146 0.6754324 
0.72832745 0.7054406 0.50664085 0.49258035 0.9999556 0.0010 0.66770136 0.40717378 0.5690299 0.39910126 0.47914538 0.5488361 0.6924586 0.69405466 0.40324014 0.0010604212 0.0011209018 0.0010 0.26260355 0.00111423 0.0010 0.0010 0.0010 0.6091007 0.31241733 0.7152923 0.38760367 0.5281541 0.3400114 0.47550696 0.5961234 0.5038135 
0.5127848 0.34417108 0.7191179 0.45164832 0.9999595 0.0010 0.62824136 0.7228256 0.5202105 0.49704793 0.5033585 0.2717105 0.31857973 0.5423117 0.2983551 0.0010651341 0.0011217382 0.0010 0.5257582 0.0011186705 0.0010 0.0010 0.0010 0.2706264 0.284236 0.66298443 0.718906 0.7338762 0.53567356 0.55377847 0.54391444 0.7311064 
0.4370567 0.5249736 0.66795045 0.5289499 0.9999621 0.0010 0.48571387 0.42494425 0.7482946 0.6117276 0.5940945 0.3666908 0.41686368 0.27085593 0.69111407 0.0010657251 0.001120748 0.0010 0.52353936 0.0011201706 0.0010 0.0010 0.0010 0.30800802 0.31715167 0.30337635 0.47106493 0.6206925 0.45906314 0.6720396 0.5236854 0.4279299 
0.44088858 0.7317203 0.5943522 0.6453526 0.9999551 0.0010 0.33450136 0.73128355 0.62921584 0.58237386 0.39812765 0.47628427 0.6423822 0.38053846 0.73380244 0.0010665712 0.0011197454 0.0010 0.6894971 0.0011159156 0.0010 0.0010 0.0010 0.6550422 0.5830962 0.4864277 0.6241956 0.73101175 0.42641684 0.62391126 0.53157693 0.25293314 

1.0 1.0 1.0 1.0 1.0 1.0 1.0 1.0 1.0 1.0 1.0 1.0 1.0 1.0 1.0 1.0 1.0 1.0 1.0 1.0 1.0 1.0 1.0 1.0 1.0 1.0 1.0 1.0 1.0 1.0 1.0 1.0 
1.0 1.0 1.0 1.0 1.0 1.0 1.0 1.0 1.0 1.0 1.0 1.0 1.0 1.0 1.0 1.0 1.0 1.0 1.0 1.0 1.0 1.0 1.0 1.0 1.0 1.0 1.0 1.0 1.0 1.0 1.0 1.0 
1.0 1.0 1.0 1.0 1.0 1.0 1.0 1.0 1.0 1.0 1.0 1.0 1.0 1.0 1.0 1.0 1.0 1.0 1.0 1.0 1.0 1.0 1.0 1.0 1.0 1.0 1.0 1.0 1.0 1.0 1.0 1.0 
1.0 1.0 1.0 1.0 1.0 1.0 1.0 1.0 1.0 1.0 1.0 1.0 1.0 1.0 1.0 1.0 1.0 1.0 1.0 1.0 1.0 1.0 1.0 1.0 1.0 1.0 1.0 1.0 1.0 1.0 1.0 1.0 
1.0 1.0 1.0 1.0 1.0 1.0 1.0 1.0 1.0 1.0 1.0 1.0 1.0 1.0 1.0 1.0 1.0 1.0 1.0 1.0 1.0 1.0 1.0 1.0 1.0 1.0 1.0 1.0 1.0 1.0 1.0 1.0 
1.0 1.0 1.0 1.0 1.0 1.0 1.0 1.0 1.0 1.0 1.0 1.0 1.0 1.0 1.0 1.0 1.0 1.0 1.0 1.0 1.0 1.0 1.0 1.0 1.0 1.0 1.0 1.0 1.0 1.0 1.0 1.0 
1.0 1.0 1.0 1.0 1.0 1.0 1.0 1.0 1.0 1.0 1.0 1.0 1.0 1.0 1.0 1.0 1.0 1.0 1.0 1.0 1.0 1.0 1.0 1.0 1.0 1.0 1.0 1.0 1.0 1.0 1.0 1.0 
1.0 1.0 1.0 1.0 1.0 1.0 1.0 1.0 1.0 1.0 1.0 1.0 1.0 1.0 1.0 1.0 1.0 1.0 1.0 1.0 1.0 1.0 1.0 1.0 1.0 1.0 1.0 1.0 1.0 1.0 1.0 1.0 
1.0 1.0 1.0 1.0 1.0 1.0 1.0 1.0 1.0 1.0 1.0 1.0 1.0 1.0 1.0 1.0 1.0 1.0 1.0 1.0 1.0 1.0 1.0 1.0 1.0 1.0 1.0 1.0 1.0 1.0 1.0 1.0 
1.0 1.0 1.0 1.0 1.0 1.0 1.0 1.0 1.0 1.0 1.0 1.0 1.0 1.0 1.0 1.0 1.0 1.0 1.0 1.0 1.0 1.0 1.0 1.0 1.0 1.0 1.0 1.0 1.0 1.0 1.0 1.0 
1.0 1.0 1.0 1.0 1.0 1.0 1.0 1.0 1.0 1.0 1.0 1.0 1.0 1.0 1.0 1.0 1.0 1.0 1.0 1.0 1.0 1.0 1.0 1.0 1.0 1.0 1.0 1.0 1.0 1.0 1.0 1.0 
1.0 1.0 1.0 1.0 1.0 1.0 1.0 1.0 1.0 1.0 1.0 1.0 1.0 1.0 1.0 1.0 1.0 1.0 1.0 1.0 1.0 1.0 1.0 1.0 1.0 1.0 1.0 1.0 1.0 1.0 1.0 1.0 
1.0 1.0 1.0 1.0 1.0 1.0 1.0 1.0 1.0 1.0 1.0 1.0 1.0 1.0 1.0 1.0 1.0 1.0 1.0 1.0 1.0 1.0 1.0 1.0 1.0 1.0 1.0 1.0 1.0 1.0 1.0 1.0 
1.0 1.0 1.0 1.0 1.0 1.0 1.0 1.0 1.0 1.0 1.0 1.0 1.0 1.0 1.0 1.0 1.0 1.0 1.0 1.0 1.0 1.0 1.0 1.0 1.0 1.0 1.0 1.0 1.0 1.0 1.0 1.0 
1.0 1.0 1.0 1.0 1.0 1.0 1.0 1.0 1.0 1.0 1.0 1.0 1.0 1.0 1.0 1.0 1.0 1.0 1.0 1.0 1.0 1.0 1.0 1.0 1.0 1.0 1.0 1.0 1.0 1.0 1.0 1.0 
1.0 1.0 1.0 1.0 1.0 1.0 1.0 1.0 1.0 1.0 1.0 1.0 1.0 1.0 1.0 1.0 1.0 1.0 1.0 1.0 1.0 1.0 1.0 1.0 1.0 1.0 1.0 1.0 1.0 1.0 1.0 1.0 

0.0010 0.0010 0.0010 0.0010 0.0010 0.0010 0.0010 0.0010 0.0010 0.0010 0.0010 0.0010 0.0010 0.0010 0.0010 0.0010 
0.0010 0.0010 0.0010 0.0010 0.0010 0.0010 0.0010 0.0010 0.0010 0.0010 0.0010 0.0010 0.0010 0.0010 0.0010 0.0010 
0.0010 0.0010 0.0010 0.0010 0.0010 0.0010 0.0010 0.0010 0.0010 0.0010 0.0010 0.0010 0.0010 0.0010 0.0010 0.0010 
0.0010 0.0010 0.0010 0.0010 0.0010 0.0010 0.0010 0.0010 0.0010 0.0010 0.0010 0.0010 0.0010 0.0010 0.0010 0.0010 
0.0010 0.0010 0.0010 0.0010 0.0010 0.0010 0.0010 0.0010 0.0010 0.0010 0.0010 0.0010 0.0010 0.0010 0.0010 0.0010 
0.0010 0.0010 0.0010 0.0010 0.0010 0.0010 0.0010 0.0010 0.0010 0.0010 0.0010 0.0010 0.0010 0.0010 0.0010 0.0010 
0.0010 0.0010 0.0010 0.0010 0.0010 0.0010 0.0010 0.0010 0.0010 0.0010 0.0010 0.0010 0.0010 0.0010 0.0010 0.0010 
0.0010 0.0010 0.0010 0.0010 0.0010 0.0010 0.0010 0.0010 0.0010 0.0010 0.0010 0.0010 0.0010 0.0010 0.0010 0.0010 

0.71292037 0.6491027 0.79248446 0.7413512 0.51838523 0.67543936 0.5289157 0.7350197 
0.8567921 0.53478914 0.8585855 0.8064716 0.47712618 0.8269741 0.82116944 0.75894994 
0.38615888 0.554032 0.47582638 0.44072863 0.63306665 0.832989 0.5252889 0.7727409 
0.5889643 0.45658192 0.6938959 0.6654797 0.5648341 0.46877265 0.6443371 0.68349195 

0.71752006 0.72774917 0.4549452 0.59305066 
0.5282292 0.5517013 0.4057838 0.7144081 

0.5376355 0.37197 