1.5

677.92444 684.6443 643.46277 266.41696 702.7268 356.48633 531.01685 546.08936 321.9057 389.16977 318.2646 552.53564 328.39847 361.31277 493.72964 569.37067 746.85803 498.43417 727.37024 633.3761 446.74216 520.02747 433.81955 637.38727 615.26245 742.83905 423.07663 684.4742 397.37735 687.4425 257.77948 689.32935 
527.3689 676.8097 672.70776 268.35486 493.89047 287.65237 364.28476 417.00748 434.89267 491.01505 455.62012 571.45264 584.0726 667.59875 303.62225 518.35486 610.61414 598.2383 559.9487 646.88696 708.81067 271.31012 380.88614 310.13922 308.57767 559.09393 336.17212 680.12177 648.7274 643.378 365.38483 644.21326 
413.17087 551.1304 358.4709 524.68677 549.37024 738.4158 508.88205 466.64413 317.11215 693.80774 388.0451 456.16348 559.178 604.2787 639.63135 611.4734 382.70126 691.1925 580.4281 505.59183 580.6136 738.78674 740.24274 580.12756 324.5388 562.5578 260.1194 262.2517 433.59158 278.30722 677.4735 264.80032 
528.8987 596.99207 571.9909 358.53867 714.869 251.63263 251.81549 568.42175 711.171 394.5541 643.7258 346.0427 265.38412 647.89954 430.29526 441.29135 453.9121 738.16785 373.38162 705.61395 716.84436 542.13367 680.0292 706.1337 321.94968 445.9054 479.80313 516.07324 278.15646 740.3831 258.985 262.05212 
590.1981 491.22928 424.51517 715.0283 584.3011 368.07852 663.9066 722.87976 702.83325 495.77682 272.81284 481.26138 634.8081 452.47562 524.2285 413.7675 504.12198 462.14096 517.44025 409.2713 676.5653 440.27112 458.93906 657.72473 518.2261 505.70908 351.92645 283.28726 528.62573 522.6957 425.20145 489.88498 
397.48636 630.3469 710.3439 478.1885 355.75687 328.80734 314.35922 463.63718 576.0596 478.27176 329.47604 537.5615 669.0406 642.4271 404.964 543.6658 392.17703 631.5897 630.7047 463.13925 541.9524 513.4949 299.75662 617.7748 747.9149 653.0848 506.6687 712.5652 610.57117 551.646 271.5378 380.06528 
675.7759 256.30707 664.17017 690.1764 645.6274 408.4872 595.04034 446.52832 391.60443 598.85986 716.46716 671.4707 734.58856 666.5721 604.5748 374.96542 567.66956 360.10727 541.1542 541.1204 331.3975 502.30728 387.89157 637.552 458.26035 336.60233 534.00946 671.5465 364.39905 637.9729 698.57764 319.8239 
705.7984 455.88916 419.54575 656.74146 617.6603 634.637 297.47433 373.5548 534.0814 713.1422 536.7904 564.2962 483.98508 691.46106 315.38306 526.26953 308.5742 737.5981 582.0568 412.50943 614.2227 581.0331 494.91464 588.24335 311.70016 530.44995 637.0796 589.64453 720.4319 626.9081 340.588 519.36487 
609.5924 285.6261 267.5858 645.54767 393.98425 378.3799 734.614 590.82526 571.2356 723.2533 661.37445 297.88116 685.43335 515.33215 280.61783 361.21796 573.3663 703.8474 512.3802 335.05908 314.91306 731.9737 727.09204 252.74542 424.67813 517.3884 551.153 721.82324 694.6911 738.0006 672.8481 306.44516 
448.69626 438.30435 350.77518 533.9536 320.26108 340.84644 348.29337 643.93555 628.7317 650.615 702.80066 575.5608 713.53174 323.9905 648.3806 283.89438 393.96515 527.52136 562.201 573.0471 256.17776 610.5115 398.92194 551.25476 691.26624 394.01193 420.11307 525.989 593.92114 277.05106 338.89157 673.0117 
477.24136 534.4707 541.44806 697.3656 440.3538 478.28726 514.84326 584.0183 685.52405 333.691 323.1871 437.15298 664.9944 396.06314 258.10577 659.2383 606.21313 410.1721 603.11584 540.3438 273.0454 510.75003 531.6666 260.26294 390.05148 547.10486 378.5765 372.56265 427.10306 537.7104 656.5603 456.11945 
631.7248 538.93475 665.0029 685.91187 578.0271 618.2654 529.17676 347.78287 591.6843 250.7393 410.34363 620.7716 322.1143 506.49908 350.99173 358.45627 714.6504 715.2417 443.65103 568.47614 357.16342 276.67703 476.89157 409.18283 445.95505 336.93903 253.82321 269.4769 270.7931 402.21896 527.54016 472.4457 
569.7628 302.27295 393.6346 460.7862 549.1919 293.65875 659.02405 364.76865 252.0596 467.56778 390.35767 549.6456 293.86725 617.57837 735.79614 429.42844 387.87808 322.0677 749.6719 299.69614 430.98138 305.61554 664.99744 626.5443 690.3861 285.84262 535.5998 419.3558 447.34555 304.78104 342.14178 283.58176 
302.51297 727.3317 643.1096 599.814 379.94196 459.65137 267.69498 742.1802 295.86786 710.2876 583.3455 443.9337 288.63306 308.78506 686.46277 392.1225 344.47806 604.88293 589.7953 335.50595 431.98386 337.7075 478.75772 611.18396 506.31232 322.7532 502.93314 518.8214 328.13626 319.94614 509.08746 414.71484 
725.0554 560.7345 333.72507 628.021 671.1169 497.9859 360.0657 430.27026 255.73642 563.06726 531.3882 557.5408 393.3171 365.53436 275.3025 659.0012 450.7509 536.82434 605.7969 727.42346 296.28778 655.68787 251.85161 728.4359 494.36096 480.33752 384.79807 663.2782 427.2064 375.9873 610.2972 673.2521 
449.60046 309.38162 272.6934 473.19754 384.45572 655.5364 565.49817 713.9894 333.4064 290.8854 480.6004 539.93585 368.64084 703.1411 621.77124 580.435 544.0099 418.93353 308.0236 549.65393 731.1914 570.692 392.4001 731.3242 447.9186 384.74402 630.37524 376.69888 627.3722 593.2798 680.67236 281.28824 
547.4586 281.95615 335.73764 546.4651 710.92163 555.9297 617.14954 370.19107 705.772 287.28534 430.7395 422.96716 579.2002 633.10815 402.7886 615.10925 432.0255 734.16095 495.80167 487.54892 362.03455 468.64697 631.50195 606.75415 453.22794 556.26306 607.5857 266.40833 512.6763 747.6807 612.8817 329.6252 
650.9483 255.4283 382.1415 447.84433 438.17572 530.57684 262.02557 740.4026 386.6979 647.1295 453.46988 732.67804 411.75232 267.4838 365.64853 625.4366 321.29572 626.3722 302.84955 507.97754 586.3806 492.4019 396.76855 546.70276 338.32037 607.0808 598.31885 467.7164 517.38025 358.90753 687.1459 593.02625 
696.20776 266.55835 695.13635 520.0923 462.79282 426.44394 324.50195 449.0002 589.01404 364.35406 277.41895 726.12573 574.2938 462.71017 290.07065 297.9667 266.10944 504.34903 367.6851 371.93173 309.92154 348.85696 310.8573 544.4114 403.9392 365.78104 570.753 724.47107 681.3031 403.9153 726.02313 616.33057 
618.81616 528.4008 552.4259 687.9057 592.53186 573.10876 537.85596 338.35458 374.8387 654.7195 659.8087 253.19554 495.1074 388.47296 371.3073 688.7947 466.54657 270.7947 629.03766 402.592 415.59274 741.09094 315.00897 615.5765 577.9004 405.32297 449.6644 487.10355 537.62085 655.2786 374.1948 620.3697 
325.32098 471.80923 658.8678 271.21698 601.48474 265.9003 334.53748 459.99905 572.15466 403.56906 362.24472 743.41626 356.81778 490.0376 596.0751 393.97513 484.1697 676.33704 746.2582 378.39493 713.40186 425.4932 417.58188 644.54114 572.27106 656.34827 510.10724 319.96835 291.08853 644.5691 503.24844 411.60516 
574.9628 411.9383 554.6124 458.02838 656.1198 705.723 657.31836 318.3883 479.4976 738.5781 477.12918 317.78168 587.11523 464.64194 370.00427 344.92752 275.5729 298.53506 644.7284 551.09845 623.4743 393.88797 567.58716 355.4867 325.8563 368.49002 643.7948 486.17212 621.2623 250.73396 741.466 572.3861 
570.2309 339.7491 385.3984 251.34755 623.2113 631.2133 674.0955 635.0569 331.67407 727.51245 310.2777 525.56006 474.47977 390.25674 406.20407 728.8495 364.59842 645.8778 686.27124 288.84988 740.8094 680.6669 653.2243 408.6231 275.95016 508.333 727.3143 575.29724 610.725 413.47403 628.6074 418.84177 
505.83832 338.51273 732.50745 701.47656 588.40894 731.3324 291.11264 737.7821 287.8871 700.97876 484.93387 706.1163 408.90085 609.51953 391.03024 534.1274 460.37924 386.79428 464.56174 344.2497 732.2554 294.918 625.4155 621.38184 425.28995 613.6487 331.09622 460.67917 298.3056 471.62546 395.69513 342.30096 
532.666 625.3138 573.0659 486.58286 413.68726 267.90564 456.30243 574.74194 432.87167 700.17993 308.99652 328.83514 376.25974 266.0408 315.4706 720.74316 368.08176 703.6514 475.68564 747.4203 718.56885 277.55112 746.3414 314.60736 529.9769 572.6095 583.69934 705.88116 357.30243 626.53625 369.79984 397.037 
584.6032 562.7394 308.1736 618.26074 593.98206 313.5266 472.282 353.6755 364.38345 549.6692 537.275 339.3901 305.7642 354.7568 502.31894 515.68835 286.37463 271.7637 412.80258 324.07288 620.947 383.4305 462.97644 283.74597 489.72067 431.5894 516.7246 258.73923 398.7076 530.4462 503.8262 691.8429 
629.9303 724.46204 325.5936 272.10233 510.47134 308.40042 551.35803 306.0438 520.281 555.1034 451.71768 427.65494 472.2453 613.3823 312.49356 333.3715 671.0925 363.39145 338.052 338.57007 533.8821 388.5024 405.6229 395.04016 432.37466 475.40955 528.19006 606.98114 399.42813 499.86523 531.2976 345.86795 
283.02518 263.58386 630.2737 743.25946 588.80585 524.24945 509.64468 576.1896 631.3005 325.99744 309.84583 358.4265 450.30667 353.2496 275.2723 321.02914 271.24307 576.74927 476.46655 261.99667 521.2517 521.9233 511.44733 306.71912 481.20892 507.1184 470.91232 639.5675 255.50911 353.9526 746.1409 262.61905 
623.5077 502.2991 474.72067 527.0156 453.12674 725.22095 309.11526 489.95322 563.1138 723.477 611.7007 723.7863 623.33276 629.1692 322.11923 529.1366 452.94257 619.97546 387.13174 665.22314 438.7336 496.7007 273.01572 662.61084 421.19348 321.46527 496.44534 638.37195 460.35556 377.89566 407.47293 541.84863 
621.496 324.32172 331.97833 524.3466 442.17276 551.71216 648.0443 421.55777 549.1102 433.03552 337.08932 701.8103 545.556 582.26605 621.9181 706.8177 499.85947 640.2987 258.4448 736.97455 720.68835 617.6627 611.8268 326.22635 288.48123 496.7518 740.65424 721.0686 407.9569 411.28915 563.8468 346.90457 
676.6656 621.20087 273.39996 372.4911 365.96017 383.35385 355.22604 602.3161 329.83505 662.2833 596.246 293.3825 557.7775 621.8314 267.52982 722.2549 274.69925 627.7164 578.5255 426.89468 652.1345 356.71854 376.85052 451.16718 391.88315 559.5237 592.70605 668.11804 321.1077 561.5137 735.7201 644.36426 
262.5174 708.8286 431.6971 539.2213 641.0081 379.59244 462.7244 262.2111 253.35445 463.70645 290.4107 684.01166 528.09106 546.57104 543.7382 608.09924 341.91568 344.32468 430.62772 352.26144 265.71893 483.832 468.05923 728.10034 305.05502 325.1445 477.8357 650.1068 304.63113 542.1151 639.8794 477.00717 

562.852 441.13577 591.54535 556.1051 667.12476 484.20773 264.3172 499.0154 518.52356 693.6561 254.11472 481.2767 342.19415 311.68604 732.6743 728.261 547.3594 656.95276 589.5851 375.10745 587.5151 342.4577 572.0446 734.4752 298.88193 627.37335 729.3721 365.47263 586.35004 618.91315 704.61005 282.6193 
526.996 686.4159 609.81616 569.37244 719.99506 675.6476 678.48596 413.12552 312.78763 475.2357 538.4546 409.9611 543.30945 357.95825 319.673 717.6699 326.95972 714.2372 604.3282 261.7504 431.84814 629.3595 604.9205 617.9679 339.17938 716.3064 399.4257 708.4574 412.47482 708.4574 516.931 366.50656 
695.89813 328.77045 614.21497 328.81137 715.4769 593.5393 457.77573 514.953 633.66327 452.48502 433.95102 287.51175 275.8943 588.2529 607.5842 296.48584 744.8117 706.4597 544.62744 420.788 289.9447 350.63702 295.5254 381.54022 614.99194 487.777 317.2743 361.01526 468.45673 592.97833 661.34344 557.1105 
672.84717 600.37244 394.14944 464.06668 392.8962 650.03546 474.10205 392.0137 686.306 472.1992 633.6537 625.4779 617.1583 379.26077 660.902 297.04874 662.0082 361.28882 467.0596 419.80966 493.6612 745.04395 720.8271 506.6477 441.14487 739.5073 536.606 534.2652 681.0741 620.8457 341.72208 500.29187 
568.35803 327.29456 633.32263 405.34622 489.0543 532.369 686.8544 553.0811 504.2189 429.0192 339.77856 609.6217 688.2991 328.67383 691.8186 591.4585 397.0474 513.4418 381.87027 409.7114 528.036 500.27496 728.1299 415.50674 256.95273 383.8384 548.28345 418.69644 411.79248 580.38074 537.7977 660.2338 
510.42676 627.25757 353.5837 737.4225 658.6405 595.91833 664.8683 618.13025 697.78735 611.6228 363.80246 655.0912 731.158 554.50354 468.91757 554.95294 575.9319 357.12894 614.7895 674.0128 547.1677 466.33994 269.54395 340.72137 687.256 255.16953 263.25266 346.7352 584.20386 331.20316 316.19644 595.3225 
279.78415 732.38904 483.7719 678.63916 519.641 382.27533 733.3965 633.2772 327.81717 673.9171 351.56345 586.59796 309.8832 619.39746 350.86377 654.2854 607.26794 323.49207 293.8501 303.17502 675.5317 493.94586 361.45773 319.91333 728.4579 673.277 620.45276 272.537 436.47156 560.57806 266.47073 359.02444 
570.14905 436.97452 553.5674 684.9121 323.74857 262.30978 746.0834 510.7217 404.06555 731.2289 633.3568 443.59256 637.5868 579.9543 445.09616 661.10535 282.36118 583.04736 461.2007 493.913 490.89102 397.87485 669.0134 315.3508 559.5564 609.8186 319.72955 594.7397 398.7683 664.76587 562.1371 525.7655 

1000.0 1000.0 1000.0 1000.0 1000.0 1000.0 1000.0 1000.0 
1000.0 1000.0 1000.0 1000.0 1000.0 1000.0 1000.0 1000.0 

1000.0 1000.0 